528,5
4294967279,289
4294967294,7
4294967294,6
522,4
522,5
4294967293,131
4294967293,130
4294967293,129
4294967293,128
4294967293,127
4294967293,126
4294967293,125
4294967293,124
4294967293,123
4294967293,122
4294967293,121
4294967293,120
4294967293,119
4294967293,118
4294967293,117
4294967293,116
4294967293,115
4294967293,114
4294967293,113
4294967293,112
4294967293,111
4294967293,110
4294967293,109
4294967293,108
4294967293,107
4294967293,106
4294967293,105
4294967293,104
4294967293,103
4294967293,102
4294967293,101
4294967293,100
4294967293,99
4294967293,98
4294967293,97
4294967293,96
4294967293,95
4294967293,94
4294967293,93
4294967293,92
4294967293,91
4294967293,90
4294967293,89
4294967293,87
4294967293,86
4294967293,85
4294967293,84
4294967293,83
4294967293,82
4294967293,81
4294967293,80
4294967293,79
4294967293,78
4294967293,77
4294967293,76
4294967293,75
4294967293,74
4294967293,73
4294967293,72
4294967293,71
4294967293,70
4294967293,69
4294967293,68
4294967293,67
4294967293,66
4294967293,65
4294967293,64
4294967293,63
4294967293,62
4294967293,61
4294967293,60
4294967293,59
4294967293,58
4294967293,57
4294967293,56
4294967293,55
4294967293,54
4294967293,53
4294967293,52
4294967293,51
4294967293,50
4294967293,49
4294967293,48
4294967293,47
4294967293,46
4294967293,45
4294967293,44
4294967293,43
4294967293,42
4294967293,41
4294967293,40
4294967293,39
4294967293,38
4294967293,37
4294967293,36
4294967293,35
4294967293,34
4294967293,33
4294967293,32
4294967293,31
4294967293,30
4294967293,29
4294967293,28
4294967293,27
4294967293,26
4294967293,25
4294967293,24
4294967293,23
4294967293,22
4294967293,21
4294967293,20
4294967293,19
4294967293,18
4294967293,17
4294967293,16
4294967293,15
4294967293,14
4294967293,13
4294967293,12
4294967293,11
4294967293,10
4294967293,9
4294967293,8
4294967293,7
4294967293,6
4294967293,5
4294967293,4
4294967293,3
4294967278,229
4294967278,61
4294967278,59
4294967278,58
4294967278,57
4294967278,56
4294967278,55
4294967278,54
4294967278,51
4294967278,49
4294967278,48
4294967278,47
4294967278,46
4294967278,45
4294967278,43
4294967278,40
4294967278,337
4294967278,39
4294967278,38
4294967278,37
4294967278,35
4294967278,34
4294967278,33
4294967278,32
4294967278,30
4294967278,29
4294967278,28
4294967278,24
4294967278,22
4294967278,21
4294967278,20
4294967278,19
4294967278,415
4294967278,15
4294967278,10
4294967278,7
4294967278,5
4294967278,4
4294967279,132
4294967279,131
4294967279,130
4294967279,129
4294967279,126
4294967279,234
4294967279,124
4294967279,123
4294967279,122
4294967279,121
4294967279,120
4294967279,118
4294967279,117
4294967279,116
4294967279,115
4294967279,114
4294967279,113
4294967279,112
4294967279,111
4294967279,110
4294967279,109
4294967279,107
4294967279,106
4294967279,105
4294967279,104
4294967279,103
4294967279,101
4294967279,100
4294967279,93
4294967279,91
4294967279,79
4294967279,71
4294967279,514
4294967279,62
4294967279,60
4294967279,57
4294967279,51
4294967279,43
4294967279,37
4294967279,35
4294967279,34
4294967279,28
4294967279,22
4294967279,102
4294967279,374
4294967294,427
4294967294,448
4294967279,99
4294967279,98
4294967279,269
4294967278,209
793,7
4294967279,96
4294967278,249
4294967278,411
4294967279,95
4294967278,204
4294967278,402
4294967279,347
4294967279,90
793,6
793,5
793,4
793,3
793,2
793,1
4294967279,567
4294967279,562
4294967279,81
4294967278,401
4294967279,72
4294967279,561
790,7
4294967279,67
4294967279,559
4294967279,2
4294967279,558
790,6
790,5
790,4
790,3
790,2
790,1
4294967279,266
4294967278,42
4294967278,398
4294967279,557
4294967278,410
4294967279,556
787,6
787,5
787,4
787,3
787,2
787,1
4294967278,31
4294967278,141
4294967278,136
4294967278,135
4294967278,133
4294967278,17
4294967278,273
4294967278,289
4294967278,16
4294967279,350
4294967278,286
4294967278,14
4294967279,14
4294967279,377
4294967278,11
4294967278,444
784,6
784,5
784,4
784,3
784,2
784,1
4294967294,1016
4294967279,522
4294967278,299
4294967279,119
4294967279,308
4294967278,425
781,6
781,5
781,4
781,3
781,2
781,1
4294967294,1006
4294967294,1014
4294967279,108
4294967278,220
4294967279,512
4294967278,213
4294967279,213
4294967278,212
4294967278,211
4294967279,97
4294967278,208
4294967294,384
4294967294,1005
4294967294,414
4294967294,406
4294967294,118
4294967294,451
4294967294,466
4294967279,94
4294967278,203
778,5
778,4
778,3
778,2
778,1
4294967278,199
776,5
776,4
776,3
776,2
776,1
4294967279,346
775,5
4294967279,186
775,4
775,3
775,2
775,1
4294967279,185
774,6
774,5
774,4
774,3
774,2
774,1
4294967279,553
773,5
773,4
773,3
773,2
773,1
4294967279,552
4294967278,168
4294967278,243
772,5
4294967278,160
772,4
772,3
772,2
772,1
4294967278,283
4294967279,378
771,5
771,4
771,3
771,2
771,1
4294967278,146
4294967278,145
4294967279,341
769,4
769,3
769,2
769,1
4294967278,140
4294967279,295
4294967278,282
4294967279,354
4294967279,548
4294967294,1013
4294967278,280
4294967278,279
4294967279,547
4294967294,167
4294967294,164
4294967279,546
4294967278,266
4294967278,263
4294967278,440
4294967278,392
4294967278,36
4294967279,344
4294967279,92
4294967279,70
4294967279,69
4294967279,68
4294967279,238
4294967279,59
4294967279,42
4294967279,25
4294967279,17
4294967279,16
4294967278,275
4294967278,264
768,7
4294967279,340
768,6
768,5
768,4
768,2
768,1
4294967279,339
4294967278,345
4294967279,523
765,7
765,6
765,5
765,4
765,3
765,2
765,1
4294967279,544
4294967278,389
4294967279,362
4294967279,543
4294967278,259
4294967279,348
4294967278,413
762,6
762,5
762,4
762,3
762,2
762,1
4294967278,378
4294967278,407
4294967279,343
4294967278,256
759,6
4294967279,163
759,5
4294967278,162
759,4
759,3
759,2
759,1
4294967279,47
4294967278,44
4294967278,309
4294967279,155
4294967279,44
4294967279,150
4294967278,151
4294967279,148
4294967278,148
4294967279,147
4294967278,147
4294967279,280
4294967279,218
4294967278,143
4294967294,407
4294967294,113
4294967294,456
4294967294,109
4294967294,180
4294967294,1090
4294967294,1004
4294967294,421
4294967278,142
4294967278,447
4294967279,30
756,6
756,5
756,4
756,2
756,1
4294967278,446
4294967279,133
4294967278,445
4294967278,276
4294967279,20
4294967279,270
4294967278,288
4294967278,287
4294967278,274
4294967278,269
4294967279,277
4294967279,265
4294967278,281
4294967279,261
4294967279,257
4294967279,256
4294967278,262
4294967278,261
753,5
753,4
753,3
753,2
753,1
4294967278,404
4294967279,518
4294967279,542
4294967278,327
751,5
751,4
4294967278,248
751,3
751,2
751,1
750,5
4294967279,237
750,4
4294967279,236
750,3
750,2
750,1
4294967278,232
4294967278,443
749,6
749,5
4294967278,222
749,4
749,3
749,2
749,1
4294967294,170
4294967294,1088
748,5
748,4
4294967278,210
748,3
748,2
748,1
4294967279,319
4294967278,323
4294967279,204
747,5
747,4
747,3
747,2
747,1
4294967278,388
4294967278,223
4294967278,366
746,5
746,4
746,3
746,2
746,1
4294967278,192
4294967278,400
744,4
744,3
744,2
744,1
4294967279,564
4294967278,182
4294967279,214
4294967279,294
4294967278,284
4294967294,392
